5
9
14
18
23
29
37
41
49
58
64
65
72
81
82
84
85
98
109
115
121
127
129
130
136
138
139
144
146
151
154
165
177
183
187
189
196
205
231
238
239
243
249
257
267
274
282
286
296
297
304
315
316
317
321
328
330
339
343
345
354
360
362
364
371
375
382
387
390
398
407
409
433
434
437
444
445
447
451
457
458
459
461
462
481
482
485
491
501
514
518
523
534
539
542
545
549
555
558
560
564
571
575
576
587
591
594
596
598
605
607
611
613
615
623
627
629
636
638
645
649
650
653
657
658
662
672
676
685
686
690
691
696
699
728
729
730
735
739
742
773
779
781
783
784
788
797
799
801
804
809
816
821
830
833
837
843
853
854
856
858
860
862
866
872
875
883
887
903
908
920
927
932
934
953
956
958
960
969
972
975
976
978
980
988
989
997
4
7
8
16
17
19
22
25
36
40
42
43
44
45
51
52
55
56
59
62
74
75
77
78
80
86
89
93
94
103
106
110
111
116
118
119
120
125
126
131
132
134
141
149
157
158
163
166
174
176
181
186
192
195
200
201
212
215
217
219
224
226
242
248
251
252
253
254
265
269
273
288
294
298
307
311
312
318
332
333
336
347
348
355
357
365
369
379
386
388
400
404
406
412
413
421
422
423
424
427
428
446
448
449
452
455
463
473
474
475
476
479
483
493
499
502
503
509
512
524
530
531
535
538
540
541
551
561
562
566
572
573
577
578
579
581
583
584
588
612
616
618
619
620
626
632
637
642
646
652
654
655
659
664
665
667
671
692
693
695
701
706
707
713
720
722
724
725
732
738
743
747
753
754
755
757
760
761
762
763
765
775
777
782
787
789
790
791
793
795
805
806
810
817
819
825
827
834
836
838
840
844
845
848
851
852
855
878
881
884
886
888
889
898
901
902
905
915
935
937
938
944
948
951
963
964
965
968
973
995
0
1
6
12
13
26
28
30
34
35
39
46
48
50
54
63
68
69
73
90
95
96
100
101
102
153
155
167
171
175
184
194
199
202
204
208
209
213
216
218
220
228
229
230
233
234
236
241
261
271
281
283
285
289
292
301
310
313
319
323
324
325
327
331
335
342
359
366
367
368
370
378
389
393
395
396
402
405
415
416
429
430
435
453
454
464
467
468
469
480
486
487
489
495
500
504
506
507
516
525
526
528
529
536
543
544
547
550
552
553
556
559
563
570
580
589
593
599
606
609
634
635
644
648
663
669
673
678
679
680
684
688
697
698
711
718
719
721
731
733
737
745
749
756
767
770
780
792
800
811
820
822
831
835
839
846
849
859
867
868
870
874
879
880
892
897
900
910
912
914
916
918
919
922
923
929
930
931
936
939
945
949
959
962
971
977
979
983
984
990
992
993
994
999
3
21
32
47
53
57
60
66
67
88
91
97
99
114
117
123
124
133
135
143
145
147
152
160
164
170
172
178
185
188
190
193
197
198
203
206
210
222
223
225
227
232
246
260
262
263
266
272
275
277
278
284
287
290
293
299
302
303
305
306
308
314
320
329
334
337
346
350
351
353
356
363
373
376
377
385
391
394
397
399
401
408
418
419
426
432
442
456
460
465
471
478
484
488
496
497
508
510
511
513
517
519
520
527
533
548
557
565
567
569
574
585
586
590
592
597
600
601
603
617
621
624
625
628
631
633
639
641
643
651
656
660
666
670
675
682
683
687
689
700
703
708
709
710
712
714
717
727
734
740
741
744
748
751
752
759
764
766
768
769
771
772
776
785
786
794
796
798
802
807
812
815
824
829
841
850
857
861
864
865
876
882
885
893
924
928
942
943
950
952
954
957
961
967
970
974
981
982
991
996
2
10
11
15
20
24
27
31
33
38
61
70
71
76
79
83
87
92
104
105
107
108
112
113
122
128
137
140
142
148
150
156
159
161
162
168
169
173
179
180
182
191
207
211
214
221
235
237
240
244
245
247
250
255
256
258
259
264
268
270
276
279
280
291
295
300
309
322
326
338
340
341
344
349
352
358
361
372
374
380
381
383
384
392
403
410
411
414
417
420
425
431
436
438
439
440
441
443
450
466
470
472
477
490
492
494
498
505
515
521
522
532
537
546
554
568
582
595
602
604
608
610
614
622
630
640
647
661
668
674
677
681
694
702
704
705
715
716
723
726
736
746
750
758
774
778
803
808
813
814
818
823
826
828
832
842
847
863
869
871
873
877
890
891
894
895
896
899
904
906
907
909
911
913
917
921
925
926
933
940
941
946
947
955
966
985
986
987
998
